15.606	-2.684	243.356	5776.857	-4.328	3	1.27
14.961	-2.441	223.44	5741.936	-3.578	2.29	3.93
13.914	-3.106	238.208	5759.836	-2.892	2.13	2.58
14.997	-2.491	237.255	5732.908	-3.817	3.27	0.1
12.254	-3.56	243.994	5748.961	-3.527	-2.05	-1.26
11.747	-3.125	246.159	5744.014	-2.969	-1.6	-0.6
12.71	-2.414	246.444	5783.486	-2.928	-0.43	0.12
12.543	-2.346	231.424	5737.506	-2.344	-1.17	0.78
12.511	-3.173	249.968	5775.631	-3.099	-0.25	-0.17
13.022	-2.829	241.423	5759.148	-3.209	-3.88	-4.53
12.958	-1.989	255.794	5762.916	-2.48	-3.87	-2.49
11.515	-3.568	259.718	5763.001	-2.769	-3.33	-2.38
13.737	-3.541	236.918	5790.292	-1.18	-1.88	-4.01
13.476	-1.88	239.908	5746.892	-2.727	0.62	2.99
13.76	-1.888	249.492	5751.775	-3.378	-0.48	1.07
12.705	-2.055	261.449	5788.708	-2.985	-1.28	2.75
11.734	-3.838	249.978	5790.305	-3.31	1.32	1.59
11.54	-3.552	248.035	5793.986	-4.317	-1.02	1.86
10.715	-3.846	247.411	5769.5		-3.617	1.81	0.78
11.537	-4.152	256.192	5789.439	-4.687	0.2	-0.82
12.073	-2.962	245.28	5773.661	-4.307	3.38	-0.19
9.659	-3.744	265.342	5768.88		-4.869	-2.67	4.37
10.148	-4.413	262.246	5790.984	-3.988	2.22	2.22
12.907	-3.107	251.056	5781.133	-4.434	-3.93	-2.12
13.226	-3.499	246.566	5785.949	-3.237	4.83	-0.73
11.523	-3.673	238.953	5781.026	-4.891	13.27	-1.84
9.958	-5.182	264.719	5784.173	-4.173	-0.04	5.48
13.186	-3.27	238.35	5766.32		-3.442	9.89	-3.05
12.648	-2.613	246.459	5775.062	-2.449	14.23	1.31
11.719	-4.255	247.237	5780.027	-3.623	-1.02	-2.34
11.799	-3.728	255.716	5790.613	-4.519	-2.39	-5.84
9.545	-4.392	257.46	5788.25		-4.773	-2.6	-2.68
10.851	-4.436	254.942	5781.031	-3.502	6.82	6.19
11.37	-3.765	243.361	5770.704	-2.881	-2.77	-4.28
10.161	-3.929	260.12	5785.228	-3.557	3.19	1.51
12.494	-3.063	251.887	5748.533	-3.635	0.63	3.46
10.542	-3.756	247.989	5790.606	-3.865	5.07	4.25
11.252	-4.157	239.775	5759.182	-2.204	5.71	-1.47
14.513	-2.907	249.716	5764.148	-3.724	-2.88	-2.27
13.101	-3.204	240.34	5764.755	-4.025	-4.95	-1.93
